5 0.6140625 0.24375 0.6203125 0.24583333281250003 0.6203125 0.2479166671875 0.63125 0.2479166671875 0.6328125 0.24375 0.634375 0.24375 0.634375 0.23333333281250002 0.6328125 0.23333333281250002 0.6328125 0.23125 0.6296875 0.23125 0.6296875 0.22916666718749998 0.6171875 0.22916666718749998 0.615625 0.23333333281250002 0.6140625 0.23333333281250002 0.6140625 0.24375
5 0.50625 0.2104166671875 0.5078125 0.2104166671875 0.5078125 0.2125 0.5125 0.2125 0.5125 0.21458333281250003 0.5140625 0.21458333281250003 0.5140625 0.2125 0.5203125 0.2125 0.5203125 0.2104166671875 0.5234375 0.2104166671875 0.5234375 0.20833333281250002 0.525 0.20833333281250002 0.525 0.2 0.5234375 0.2 0.5234375 0.1979166671875 0.51875 0.1979166671875 0.51875 0.19583333281249998 0.5078125 0.19583333281249998 0.5078125 0.1979166671875 0.50625 0.1979166671875 0.50625 0.2104166671875
5 0.275 0.2854166671875 0.2734375 0.2854166671875 0.2734375 0.2958333328125 0.2765625 0.2979166671875 0.2765625 0.3 0.290625 0.3 0.290625 0.2979166671875 0.29375 0.2979166671875 0.29375 0.2958333328125 0.2953125 0.2958333328125 0.2953125 0.2833333328125 0.2921875 0.28125 0.2921875 0.2791666671875 0.2796875 0.2791666671875 0.2796875 0.28125 0.2765625 0.28125 0.275 0.2854166671875
4 0.2296875 0.3416666671875 0.2296875 0.3479166671875 0.2328125 0.35208333281250004 0.2328125 0.35625 0.234375 0.35625 0.234375 0.3604166671875 0.2484375 0.3791666671875 0.2515625 0.3791666671875 0.253125 0.38333333281250004 0.2625 0.3875 0.2625 0.3895833328125 0.2734375 0.3916666671875 0.2734375 0.39375 0.2875 0.3916666671875 0.2921875 0.3854166671875 0.29375 0.3770833328125 0.3015625 0.3708333328125 0.3015625 0.3541666671875 0.2984375 0.35 0.2984375 0.3458333328125 0.296875 0.3458333328125 0.296875 0.3416666671875 0.2953125 0.3416666671875 0.2953125 0.3375 0.29375 0.3375 0.29375 0.3333333328125 0.2890625 0.3270833328125 0.2859375 0.3270833328125 0.2796875 0.3166666671875 0.271875 0.3125 0.2703125 0.3083333328125 0.2609375 0.30625 0.2609375 0.30416666718749996 0.2453125 0.30416666718749996 0.228125 0.3270833328125 0.228125 0.3416666671875 0.2296875 0.3416666671875
3 0.378125 0.1541666671875 0.3671875 0.1416666671875 0.359375 0.14375 0.3359375 0.19583333281249998 0.3171875 0.2208333328125 0.296875 0.22916666718749998 0.2796875 0.2645833328125 0.25625 0.2791666671875 0.2515625 0.3 0.228125 0.325 0.2296875 0.3479166671875 0.246875 0.3770833328125 0.26875 0.39375 0.284375 0.39375 0.31875 0.35625 0.321875 0.3291666671875 0.34375 0.3104166671875 0.3609375 0.2604166671875 0.403125 0.21875 0.4265625 0.1541666671875 0.4359375 0.1375 0.446875 0.13333333281249998 0.446875 0.10833333281249999 0.4296875 0.1 0.4203125 0.1208333328125 0.3875 0.1395833328125 0.378125 0.1541666671875
4 0.4765625 0.23333333281250002 0.475 0.2541666671875 0.4734375 0.2541666671875 0.4734375 0.26875 0.471875 0.26875 0.4734375 0.2791666671875 0.4859375 0.2958333328125 0.4921875 0.2979166671875 0.4921875 0.3 0.496875 0.3 0.496875 0.3020833328125 0.509375 0.30416666718749996 0.509375 0.30625 0.53125 0.30625 0.53125 0.30416666718749996 0.534375 0.30416666718749996 0.5390625 0.2625 0.5375 0.2625 0.5375 0.2520833328125 0.5328125 0.24583333281250003 0.5328125 0.2416666671875 0.5234375 0.22916666718749998 0.5203125 0.22916666718749998 0.51875 0.225 0.5078125 0.22291666718749997 0.5078125 0.2208333328125 0.4921875 0.2208333328125 0.4921875 0.22291666718749997 0.4828125 0.225 0.4765625 0.23333333281250002
3 0.5828125 0 0.55625 0.0666666671875 0.54375 0.06875 0.5328125 0.1125 0.5234375 0.1375 0.5078125 0.15625 0.5015625 0.1833333328125 0.4875 0.19583333281249998 0.4875 0.22291666718749997 0.475 0.2375 0.4703125 0.275 0.4890625 0.3 0.5296875 0.30625 0.5390625 0.2645833328125 0.5515625 0.24583333281250003 0.55 0.225 0.5609375 0.1770833328125 0.5796875 0.1458333328125 0.590625 0.1020833328125 0.5875 0.07083333281250001 0.5984375 0 0.5828125 0
3 0.63125 0.21458333281250003 0.6109375 0.2125 0.596875 0.22291666718749997 0.56875 0.2270833328125 0.5640625 0.275 0.571875 0.3104166671875 0.5765625 0.3166666671875 0.6140625 0.3125 0.6171875 0.32083333281250004 0.65 0.3125 0.6546875 0.30416666718749996 0.6453125 0.3020833328125 0.646875 0.2958333328125 0.6640625 0.2916666671875 0.7171875 0.24583333281250003 0.759375 0.23125 0.7875 0.1979166671875 0.821875 0.1708333328125 0.8359375 0.175 0.8421875 0.1625 0.8390625 0.14791666718750002 0.8265625 0.14375 0.815625 0.1541666671875 0.778125 0.1520833328125 0.7578125 0.1604166671875 0.7546875 0.14791666718750002 0.74375 0.14375 0.6828125 0.19375 0.6578125 0.1875 0.63125 0.21458333281250003
3 0.3484375 0.65 0.378125 0.7041666671875 0.4078125 0.7354166671875 0.4015625 0.7625 0.4203125 0.78125 0.440625 0.7875 0.50625 0.7854166671875 0.5703125 0.8125 0.6171875 0.8145833328125001 0.6390625 0.83125 0.684375 0.825 0.696875 0.8416666671874999 0.7125 0.8416666671874999 0.7203125 0.83125 0.725 0.7354166671875 0.71875 0.7166666671875 0.6953125 0.7125 0.684375 0.71875 0.6625 0.7020833328125 0.6203125 0.7145833328125 0.590625 0.6958333328124999 0.5015625 0.6958333328124999 0.465625 0.675 0.4171875 0.6645833328124999 0.3640625 0.6270833328125 0.3515625 0.6 0.3359375 0.6 0.325 0.6104166671875 0.3265625 0.6375 0.3484375 0.65
5 0.646875 0.7375 0.6453125 0.7375 0.64375 0.7458333328125 0.6421875 0.7458333328125 0.6421875 0.7520833328125 0.64375 0.7520833328125 0.64375 0.75625 0.6453125 0.75625 0.6453125 0.7604166671875 0.646875 0.7604166671875 0.646875 0.7625 0.65 0.7625 0.65 0.7645833328125 0.653125 0.7645833328125 0.653125 0.7666666671875 0.6609375 0.7666666671875 0.6609375 0.7645833328125 0.6640625 0.7645833328125 0.6640625 0.7625 0.6671875 0.7625 0.66875 0.7541666671875 0.6703125 0.7541666671875 0.6703125 0.7458333328125 0.66875 0.7458333328125 0.66875 0.7395833328125 0.665625 0.7375 0.665625 0.7354166671875 0.6640625 0.7354166671875 0.6640625 0.7333333328125 0.6609375 0.7333333328125 0.6609375 0.73125 0.6515625 0.73125 0.6515625 0.7333333328125 0.6484375 0.7333333328125 0.646875 0.7375
4 0.696875 0.775 0.6953125 0.775 0.6953125 0.8125 0.69375 0.8125 0.690625 0.8395833328125001 0.6921875 0.8395833328125001 0.6921875 0.84375 0.7015625 0.8458333328125001 0.7015625 0.8479166671874999 0.715625 0.8479166671874999 0.7171875 0.8395833328125001 0.71875 0.8395833328125001 0.71875 0.83125 0.7203125 0.83125 0.7203125 0.8229166671874999 0.721875 0.8229166671874999 0.721875 0.8125 0.7234375 0.8125 0.7234375 0.7854166671875 0.725 0.7854166671875 0.721875 0.725 0.71875 0.7208333328125 0.71875 0.7166666671875 0.6953125 0.7145833328125 0.6921875 0.7229166671875 0.6953125 0.725 0.696875 0.775
1 0.534375 0.49791666718750005 0.53125 0.49791666718750005 0.53125 0.5 0.528125 0.5 0.525 0.5041666671875 0.5234375 0.5166666671875 0.521875 0.5166666671875 0.525 0.5291666671875 0.5265625 0.5291666671875 0.528125 0.5604166671875 0.5375 0.5729166671875 0.5421875 0.5875 0.546875 0.59375 0.553125 0.5958333328125 0.553125 0.5979166671875 0.5625 0.5979166671875 0.565625 0.59375 0.5703125 0.59375 0.5734375 0.5895833328125 0.5765625 0.5895833328125 0.578125 0.5833333328125 0.58125 0.58125 0.58125 0.5541666671875001 0.5796875 0.5541666671875001 0.5765625 0.5375 0.575 0.5375 0.575 0.53125 0.571875 0.5270833328125 0.571875 0.5229166671875001 0.56875 0.5208333328125 0.5671875 0.5125 0.5640625 0.5104166671875 0.5640625 0.50625 0.5515625 0.4916666671875 0.5421875 0.4916666671875 0.5421875 0.49375 0.5375 0.49375 0.534375 0.49791666718750005
0 0.5546875 0.49583333281249997 0.575 0.5333333328125 0.58125 0.5604166671875 0.58125 0.6020833328124999 0.603125 0.6083333328125 0.609375 0.5916666671875 0.6203125 0.6104166671875 0.6390625 0.6020833328124999 0.640625 0.6208333328125 0.6609375 0.6270833328125 0.6671875 0.6229166671875 0.6671875 0.5979166671875 0.6875 0.5666666671875 0.7140625 0.5458333328125 0.734375 0.5458333328125 0.74375 0.4604166671875 0.696875 0.3895833328125 0.6203125 0.3708333328125 0.5609375 0.40833333281249995 0.5421875 0.4916666671875 0.5546875 0.49583333281249997
1 0.6984375 0.55625 0.6953125 0.55625 0.6921875 0.5625 0.6890625 0.5625 0.671875 0.5854166671875001 0.66875 0.5958333328125 0.665625 0.5979166671875 0.6640625 0.6125 0.66875 0.61875 0.66875 0.6229166671875 0.6734375 0.6270833328125 0.6765625 0.6375 0.69375 0.6395833328125 0.7 0.6333333328124999 0.703125 0.6333333328124999 0.7078125 0.625 0.7109375 0.625 0.7203125 0.6104166671875 0.7234375 0.6104166671875 0.7296875 0.6020833328124999 0.73125 0.59375 0.734375 0.59375 0.7359375 0.5895833328125 0.7390625 0.5895833328125 0.7421875 0.5854166671875001 0.7421875 0.5666666671875 0.7359375 0.5583333328125 0.7359375 0.5541666671875001 0.7265625 0.54375 0.7140625 0.54375 0.7078125 0.55 0.703125 0.55 0.6984375 0.55625
1 0.7109375 0.3875 0.7078125 0.3875 0.7078125 0.3895833328125 0.7046875 0.3895833328125 0.7046875 0.3916666671875 0.7015625 0.3916666671875 0.7 0.39791666718749996 0.703125 0.39791666718749996 0.7046875 0.40208333281249997 0.7078125 0.40208333281249997 0.7125 0.41041666718750003 0.7140625 0.41041666718750003 0.7140625 0.4145833328125 0.7171875 0.4166666671875 0.7171875 0.42083333281249996 0.7234375 0.4270833328125 0.7234375 0.43125 0.7328125 0.44166666718750003 0.7328125 0.4458333328125 0.7375 0.45 0.7375 0.45416666718750004 0.740625 0.45625 0.740625 0.4604166671875 0.7421875 0.4604166671875 0.740625 0.47291666718750003 0.74375 0.475 0.74375 0.47291666718750003 0.746875 0.47291666718750003 0.746875 0.47083333281249995 0.7515625 0.46875 0.753125 0.4604166671875 0.7546875 0.4604166671875 0.753125 0.42083333281249996 0.7515625 0.42083333281249996 0.7515625 0.4166666671875 0.75 0.4166666671875 0.75 0.4125 0.7421875 0.40416666718750005 0.7421875 0.39791666718749996 0.7375 0.39375 0.7375 0.3916666671875 0.734375 0.3916666671875 0.73125 0.3854166671875 0.7140625 0.38333333281250004 0.7140625 0.3854166671875 0.7109375 0.3854166671875 0.7109375 0.3875
1 0.5875 0.3541666671875 0.578125 0.35625 0.5765625 0.3604166671875 0.5671875 0.3645833328125 0.565625 0.36875 0.5640625 0.36875 0.5640625 0.3729166671875 0.5609375 0.375 0.559375 0.38125 0.5578125 0.38125 0.5578125 0.3854166671875 0.5546875 0.3875 0.553125 0.3958333328125 0.5515625 0.3958333328125 0.5515625 0.40208333281249997 0.55 0.40208333281249997 0.55 0.4125 0.5515625 0.4125 0.5515625 0.4166666671875 0.5546875 0.41875 0.5546875 0.42083333281249996 0.5609375 0.4166666671875 0.5609375 0.4125 0.5640625 0.41041666718750003 0.5640625 0.40625 0.5703125 0.4 0.5703125 0.39791666718749996 0.5734375 0.39791666718749996 0.575 0.39375 0.58125 0.3916666671875 0.58125 0.3895833328125 0.5859375 0.3895833328125 0.5859375 0.3875 0.5890625 0.3875 0.5890625 0.3854166671875 0.5921875 0.3854166671875 0.5921875 0.38333333281250004 0.5953125 0.38333333281250004 0.5953125 0.38125 0.6 0.38125 0.6 0.3791666671875 0.603125 0.3791666671875 0.603125 0.3770833328125 0.6078125 0.3770833328125 0.6078125 0.375 0.615625 0.3729166671875 0.6140625 0.3625 0.6078125 0.35625 0.6078125 0.3541666671875 0.5984375 0.35208333281250004 0.5984375 0.35 0.590625 0.35 0.590625 0.35208333281250004 0.5875 0.35208333281250004 0.5875 0.3541666671875