0 0.6640625 0.50390625 0.666015625 0.4388020828125 0.677734375 0.41015625 0.669921875 0.3684895828125 0.6494140625 0.3463541671875 0.6162109375 0.3541666671875 0.5380859375 0.34375 0.5244140625 0.328125 0.4912109375 0.3463541671875 0.48046875 0.37890625 0.484375 0.4231770828125 0.4765625 0.4752604171875 0.466796875 0.4908854171875 0.474609375 0.5455729171875 0.4970703125 0.5729166671875 0.5419921875 0.5729166671875 0.5458984375 0.5520833328125 0.5546875 0.5559895828125 0.5556640625 0.5703125 0.5634765625 0.5703125 0.5791015625 0.5520833328125 0.583984375 0.5559895828125 0.578125 0.5638020828125 0.5791015625 0.578125 0.6083984375 0.578125 0.6201171875 0.5911458328125 0.634765625 0.58984375 0.658203125 0.5638020828125 0.673828125 0.5325520828125 0.673828125 0.51953125 0.6640625 0.50390625
3 0.4931640625 0.2421875 0.4755859375 0.23697916718749998 0.4677734375 0.21614583281250002 0.4443359375 0.20572916718749998 0.4306640625 0.1822916671875 0.4013671875 0.1666666671875 0.3603515625 0.1067708328125 0.3447265625 0.1171875 0.2880859375 0.078125 0.28125 0.08203125 0.279296875 0.09244791718749999 0.314453125 0.14453125 0.3330078125 0.1875 0.3759765625 0.22135416718749998 0.388671875 0.24869791718749998 0.41796875 0.27734375 0.4248046875 0.296875 0.46875 0.32421875 0.4814453125 0.3177083328125 0.498046875 0.2877604171875 0.5 0.2513020828125 0.4931640625 0.2421875
3 0.75390625 0.20182291718749998 0.77734375 0.14453125 0.7841796875 0.05208333281250001 0.771484375 0.05598958281250001 0.7451171875 0.1067708328125 0.736328125 0.10546875 0.71484375 0.17578125 0.681640625 0.24088541718749998 0.681640625 0.25390625 0.658203125 0.27734375 0.658203125 0.3111979171875 0.6748046875 0.3359375 0.70703125 0.33984375 0.728515625 0.3138020828125 0.728515625 0.2825520828125 0.740234375 0.26171875 0.75390625 0.20182291718749998
3 0.873046875 0.8138020828125001 0.849609375 0.7643229171875 0.828125 0.6888020828125 0.8046875 0.6627604171875 0.794921875 0.6106770828125 0.771484375 0.5872395828125 0.7734375 0.5794270828125 0.7587890625 0.5520833328125 0.7412109375 0.5546875 0.7099609375 0.578125 0.693359375 0.6106770828125 0.701171875 0.62890625 0.712890625 0.63671875 0.72265625 0.6861979171875 0.74609375 0.7122395828125 0.755859375 0.75390625 0.798828125 0.82421875 0.84375 0.9544270828125001 0.8642578125 0.96875 0.8798828125 0.9973958328125001 0.935546875 0.99609375 0.91796875 0.9440104171874999 0.923828125 0.92578125 0.919921875 0.88671875 0.873046875 0.8138020828125001
3 0.2158203125 0.8177083328125001 0.2626953125 0.765625 0.3037109375 0.7369791671875 0.3330078125 0.7291666671875 0.3603515625 0.7083333328125 0.3740234375 0.6875 0.4013671875 0.6770833328125 0.4287109375 0.6380208328125 0.4443359375 0.6354166671875 0.455078125 0.6236979171875 0.455078125 0.6002604171875 0.4150390625 0.5390625 0.3974609375 0.5442708328125 0.3876953125 0.5651041671875 0.3603515625 0.5755208328125 0.3408203125 0.609375 0.3134765625 0.6145833328125 0.2568359375 0.671875 0.1650390625 0.71875 0.15234375 0.7356770828125 0.1474609375 0.7604166671875 0.1259765625 0.7734375 0.0458984375 0.8541666671874999 0.0185546875 0.8671875 0.017578125 0.87890625 0.03125 0.8971354171874999 0.0478515625 0.8802083328125001 0.1650390625 0.8255208328125001 0.1962890625 0.828125 0.2158203125 0.8177083328125001
1 0.673828125 0.51171875 0.6591796875 0.4947916671875 0.6357421875 0.5078125 0.607421875 0.5533854171875 0.611328125 0.58203125 0.6220703125 0.59375 0.634765625 0.5924479171875 0.662109375 0.5638020828125 0.662109375 0.55078125 0.67578125 0.5325520828125 0.673828125 0.51171875
1 0.6357421875 0.34375 0.625 0.35546875 0.6484375 0.37109375 0.671875 0.42578125 0.677734375 0.4153645828125 0.671875 0.3684895828125 0.6533203125 0.3463541671875 0.6357421875 0.34375
1 0.5068359375 0.3307291671875 0.48828125 0.3502604171875 0.478515625 0.3763020828125 0.478515625 0.39453125 0.486328125 0.3971354171875 0.5107421875 0.3541666671875 0.537109375 0.3424479171875 0.5302734375 0.3307291671875 0.5068359375 0.3307291671875
1 0.4794921875 0.4713541671875 0.462890625 0.48828125 0.46875 0.53515625 0.4912109375 0.5703125 0.509765625 0.5716145828125 0.5234375 0.5559895828125 0.51953125 0.5221354171875 0.4951171875 0.4765625 0.4794921875 0.4713541671875
4 0.4853515625 0.234375 0.4658203125 0.23958333281250002 0.4453125 0.2747395828125 0.447265625 0.3111979171875 0.4599609375 0.3255208328125 0.470703125 0.32421875 0.490234375 0.3059895828125 0.501953125 0.2721354171875 0.5 0.24869791718749998 0.4853515625 0.234375
4 0.6787109375 0.2552083328125 0.658203125 0.27734375 0.658203125 0.30859375 0.6826171875 0.3411458328125 0.70703125 0.33984375 0.7265625 0.3190104171875 0.728515625 0.2877604171875 0.7060546875 0.2578125 0.6787109375 0.2552083328125
4 0.7734375 0.58203125 0.7587890625 0.5520833328125 0.7177734375 0.5703125 0.6953125 0.59765625 0.693359375 0.61328125 0.7109375 0.6315104171875 0.716796875 0.6106770828125 0.7373046875 0.5885416671875 0.7509765625 0.5807291671875 0.7734375 0.58203125
4 0.4072265625 0.5364583328125 0.3955078125 0.5442708328125 0.392578125 0.5611979171875 0.3994140625 0.5598958328125 0.41796875 0.5846354171875 0.4375 0.6341145828125 0.4453125 0.6341145828125 0.455078125 0.6236979171875 0.455078125 0.59765625 0.4189453125 0.5416666671875 0.4072265625 0.5364583328125
5 0.3740234375 0.5885416671875 0.3671875 0.61328125 0.38671875 0.6184895828125 0.39453125 0.6080729171875 0.392578125 0.5950520828125 0.3837890625 0.5859375 0.3740234375 0.5885416671875
5 0.75390625 0.62109375 0.7568359375 0.640625 0.775390625 0.6419270828125 0.779296875 0.6263020828125 0.7724609375 0.6145833328125 0.7626953125 0.6119791671875 0.75390625 0.62109375
5 0.7060546875 0.2552083328125 0.72265625 0.2565104171875 0.7197265625 0.23697916718749998 0.7060546875 0.234375 0.701171875 0.24088541718749998 0.7060546875 0.2552083328125
5 0.4365234375 0.23697916718749998 0.44921875 0.23828125 0.455078125 0.23046875 0.4501953125 0.22135416718749998 0.43359375 0.22786458281250002 0.4365234375 0.23697916718749998